 a_first_1=   5.2927122152105670E-003
 a_first_2=  0.84482395668456245     
 a_first_3=   1.3312161734104200     
 a_final_1=   2.7692688177578407E-002
 a_final_2=  0.25174637343746570     
 a_final_3=   5.2482949308012961     
