 a_first_1=   5.5728387968199409E-003
 a_first_2=  0.83514895734236927     
 a_first_3=   1.4236796682565740     
 a_final_1=   2.7014784034019006E-002
 a_final_2=  0.25338130010444276     
 a_final_3=   5.3627774479212080     
