 a_first_1=   8.3984516391883268E-003
 a_first_2=  0.77277060708601408     
 a_first_3=   1.7378645634934735     
 a_final_1=   2.8162347928940210E-002
 a_final_2=  0.25561521555325739     
 a_final_3=   5.1117789927934529     
