 a_first_1=   2.0857361825296663E-004
 a_first_2=  0.95441081843590048     
 a_first_3=  0.82969168360464440     
 a_final_1=   3.5980904263930108E-002
 a_final_2=  -4.6840427205691454E-002
 a_final_3=   7.8363813557595661     
