 a_first_1=   2.8211664210928832E-003
 a_first_2=  0.89278455261497203     
 a_first_3=   1.1630354594354060     
 a_final_1=   2.8612338709191252E-002
 a_final_2=  0.16828553742841687     
 a_final_3=   6.2334324832437709     
