 a_first_1=   8.2592768705658896E-003
 a_first_2=  0.77707029577326481     
 a_first_3=   1.7021836153143917     
 a_final_1=   2.6198479627465254E-002
 a_final_2=  0.30568707322633687     
 a_final_3=   4.7900664811789637     
