 a_first_1=   7.6505338894697708E-004
 a_first_2=  0.94876542604106573     
 a_first_3=  0.76996518716651596     
 a_final_1=   2.2435098515989925E-002
 a_final_2=  0.34616840036648305     
 a_final_3=   4.9441744964465926     
